
Date: 2026-03-25 20:52:51.380189
Addition: 5
Subtraction: -1
Multiplication: 6
Division: 0.6666666666666666

Date: 2026-03-25 20:52:55.393391
Addition: 9
Subtraction: 1
Multiplication: 20
Division: 1.25

Date: 2026-03-27 22:10:53.015873
Addition: 5
Subtraction: -1
Multiplication: 6
Division: 0.6666666666666666

Date: 2026-03-27 22:10:58.682424
Addition: 7
Subtraction: 5
Multiplication: 6
Division: 6.0
